# Grasping experiment - NN Model 3 - z15 - grid
# target_x target_y target_z attempt1 attempt2 attempt3
-0.4 0.2 0.15 0 0 0
-0.4 0.3 0.15 -
# -0.4 0.4 0.15 
-0.3 0.2 0.15 0 0 0
-0.3 0.3 0.15 1 0 1
-0.3 0.4 0.15 -
-0.2 0.2 0.15 0 0 0
-0.2 0.3 0.15 0 1 1
-0.2 0.4 0.15 -
-0.1 0.2 0.15 0 0 0
-0.1 0.3 0.15 1 1 1
-0.1 0.4 0.15 1 1 1
-0.0 0.2 0.15 0 0 0
-0.0 0.3 0.15 1 1 1
-0.0 0.4 0.15 1 1 1
0.1 0.2 0.15 0 0 0
0.1 0.3 0.15 1 1 1
0.1 0.4 0.15 -
0.2 0.2 0.15 0 0 0
0.2 0.3 0.15 1 1 0
0.2 0.4 0.15 -
0.3 0.2 0.15 0 0 0
0.3 0.3 0.15 0 0 0
# 0.3 0.4 0.15 
