# Vision experiment - focus and stereovision v1 - z15 - grid full
# target_x target_y target_z focus result_x result_y result_z distance
-0.4 0.2 0.15 True -0.648 0.331 0.052 0.705 False
-0.4 0.3 0.15 True -0.920 0.682 -0.090 1.152 False
-0.4 0.4 0.15 True -0.815 0.823 -0.038 1.151 False
-0.4 0.5 0.15 True -0.763 0.978 -0.011 1.224 False
-0.3 0.2 0.15 True -0.298 0.210 0.190 0.315 True
-0.3 0.3 0.15 True -0.308 0.326 0.182 0.401 True
-0.3 0.4 0.15 True -0.571 0.764 -0.012 0.950 False
-0.3 0.5 0.15 True -0.561 0.943 -0.003 1.085 False
-0.2 0.2 0.15 True -0.187 0.205 0.191 0.235 True
-0.2 0.3 0.15 True -0.191 0.311 0.193 0.320 True
-0.2 0.4 0.15 True -0.391 0.773 -0.006 0.866 False
-0.2 0.5 0.15 True -0.341 0.879 0.030 0.927 False
-0.1 0.2 0.15 False -0.092 0.200 0.182 0.202 True
-0.1 0.3 0.15 True -0.091 0.305 0.192 0.277 True
-0.1 0.4 0.15 True -0.094 0.416 0.190 0.382 True
-0.1 0.5 0.15 True -0.185 0.938 0.003 0.951 False
-0.0 0.2 0.15 False 0.008 0.203 0.190 0.180 True
-0.0 0.3 0.15 True 0.009 0.304 0.193 0.264 True
-0.0 0.4 0.15 True 0.006 0.412 0.194 0.367 True
-0.0 0.5 0.15 True -0.014 1.063 -0.052 1.071 False
0.1 0.2 0.15 False 0.102 0.193 0.186 0.198 True
0.1 0.3 0.15 True 0.112 0.302 0.191 0.279 True
0.1 0.4 0.15 True 0.305 1.608 -0.479 1.767 False
0.1 0.5 0.15 True 0.321 2.162 -0.535 2.294 False
0.2 0.2 0.15 True 0.202 0.196 0.187 0.241 True
0.2 0.3 0.15 True 0.210 0.302 0.192 0.321 True
0.2 0.4 0.15 True 0.858 2.097 -0.729 2.441 False
0.2 0.5 0.15 True 0.847 2.431 -0.651 2.697 False
0.3 0.2 0.15 True 0.307 0.194 0.191 0.311 True
0.3 0.3 0.15 True 0.317 0.310 0.185 0.396 True
0.3 0.4 0.15 True 1.958 3.104 -1.297 3.956 False
0.3 0.5 0.15 True 1.295 2.462 -0.679 2.901 False
0.4 0.2 0.15 True 0.416 0.206 0.189 0.408 True
0.4 0.3 0.15 True 2.755 2.450 -1.267 3.954 False
0.4 0.4 0.15 True 3.514 4.097 -1.789 5.737 False
0.4 0.5 0.15 True 1.550 2.127 -0.494 2.697 False
