# Vision experiment - focus and stereovision v2 - z15 - grid full
# target_x target_y target_z focus result_x result_y result_z distance
-0.4 0.2 0.15 
-0.4 0.3 0.15 
-0.4 0.4 0.15 
-0.4 0.5 0.15 
-0.3 0.2 0.15 
-0.3 0.3 0.15 
-0.3 0.4 0.15 
-0.3 0.5 0.15 
-0.2 0.2 0.15 
-0.2 0.3 0.15 
-0.2 0.4 0.15 
-0.2 0.5 0.15 
-0.1 0.2 0.15 
-0.1 0.3 0.15 
-0.1 0.4 0.15 
-0.1 0.5 0.15 
-0.0 0.2 0.15 
-0.0 0.3 0.15 
-0.0 0.4 0.15 
-0.0 0.5 0.15 
0.1 0.2 0.15 
0.1 0.3 0.15 
0.1 0.4 0.15 
0.1 0.5 0.15 
0.2 0.2 0.15 
0.2 0.3 0.15 
0.2 0.4 0.15 
0.2 0.5 0.15 
0.3 0.2 0.15 
0.3 0.3 0.15 
0.3 0.4 0.15 
0.3 0.5 0.15 
0.4 0.2 0.15 
0.4 0.3 0.15 
0.4 0.4 0.15 
0.4 0.5 0.15 
