# Vision experiment - center and stereovision v1 - z15 - grid full
# target_x target_y target_z focus result_x result_y result_z distance
-0.4 0.2 0.15 _ -0.424 0.211 0.173 0.516 True
-0.4 0.3 0.15 _ -0.671 0.447 0.067 0.848 False
-0.4 0.4 0.15 _ -0.773 0.688 0.029 1.062 False
-0.4 0.5 0.15 _ -0.913 1.013 -0.025 1.381 False
-0.3 0.2 0.15 _ -0.301 0.206 0.182 0.404 True
-0.3 0.3 0.15 _ -0.306 0.313 0.184 0.449 True
-0.3 0.4 0.15 _ -0.648 0.755 -0.007 1.026 False
-0.3 0.5 0.15 _ -0.749 1.073 -0.032 1.320 False
-0.2 0.2 0.15 _ -0.193 0.205 0.185 0.318 True
-0.2 0.3 0.15 _ -0.190 0.307 0.189 0.362 True
-0.2 0.4 0.15 _ -0.531 0.901 -0.075 1.085 False
-0.2 0.5 0.15 _ -0.405 0.936 0.008 1.020 False
-0.1 0.2 0.15 _ -0.088 0.199 0.189 0.248 True
-0.1 0.3 0.15 _ -0.089 0.303 0.194 0.304 True
-0.1 0.4 0.15 _ -0.095 0.415 0.188 0.395 True
-0.1 0.5 0.15 _ -0.194 0.911 0.023 0.920 False
-0.0 0.2 0.15 _ 0.008 0.198 0.187 0.218 True
-0.0 0.3 0.15 _ 0.009 0.299 0.191 0.278 True
-0.0 0.4 0.15 _ 0.011 0.413 0.190 0.370 True
-0.0 0.5 0.15 _ -0.019 1.076 -0.039 1.068 False
0.1 0.2 0.15 _ 0.103 0.195 0.193 0.221 True
0.1 0.3 0.15 _ 0.111 0.300 0.190 0.288 True
0.1 0.4 0.15 _ 0.144 0.528 0.123 0.515 False
0.1 0.5 0.15 _ 0.483 2.505 -0.658 2.662 False
0.2 0.2 0.15 _ 0.210 0.200 0.188 0.278 True
0.2 0.3 0.15 _ 0.211 0.300 0.190 0.329 True
0.2 0.4 0.15 _ 0.472 0.856 -0.067 0.984 False
0.2 0.5 0.15 _ 1.093 2.491 -0.671 2.823 False
0.3 0.2 0.15 _ 0.317 0.200 0.182 0.359 True
0.3 0.3 0.15 _ 0.328 0.309 0.181 0.412 True
0.3 0.4 0.15 _ 0.348 0.434 0.179 0.504 True
0.3 0.5 0.15 _ 1.785 2.667 -0.739 3.307 False
0.4 0.2 0.15 _ 0.452 0.209 0.171 0.479 True
0.4 0.3 0.15 _ 0.432 0.307 0.182 0.491 True
0.4 0.4 0.15 _ 0.434 0.418 0.186 0.549 True
0.4 0.5 0.15 _ 3.437 3.758 -1.158 5.231 False
