# Vision experiment - center and stereovision v2 - z15 - grid full
# target_x target_y target_z focus result_x result_y result_z distance
-0.4 0.2 0.15 _ -0.394 0.196 0.173 0.516 True
-0.4 0.3 0.15 _ -0.577 0.377 0.067 0.848 False
-0.4 0.4 0.15 _ -0.658 0.570 0.029 1.062 False
-0.4 0.5 0.15 _ -0.770 0.831 -0.025 1.381 False
-0.3 0.2 0.15 _ -0.288 0.193 0.182 0.404 True
-0.3 0.3 0.15 _ -0.296 0.292 0.184 0.449 True
-0.3 0.4 0.15 _ -0.559 0.624 -0.007 1.026 False
-0.3 0.5 0.15 _ -0.639 0.879 -0.032 1.320 False
-0.2 0.2 0.15 _ -0.194 0.192 0.185 0.318 True
-0.2 0.3 0.15 _ -0.191 0.292 0.189 0.362 True
-0.2 0.4 0.15 _ -0.465 0.741 -0.075 1.085 False
-0.2 0.5 0.15 _ -0.364 0.769 0.008 1.020 False
-0.1 0.2 0.15 _ -0.097 0.192 0.189 0.248 True
-0.1 0.3 0.15 _ -0.095 0.292 0.194 0.304 True
-0.1 0.4 0.15 _ -0.101 0.399 0.188 0.395 True
-0.1 0.5 0.15 _ -0.195 0.749 0.023 0.920 False
-0.0 0.2 0.15 _ -0.003 0.193 0.187 0.218 True
-0.0 0.3 0.15 _ 0.000 0.291 0.191 0.278 True
-0.0 0.4 0.15 _ 0.002 0.400 0.190 0.370 True
-0.0 0.5 0.15 _ -0.055 0.881 -0.039 1.068 False
0.1 0.2 0.15 _ 0.092 0.191 0.193 0.221 True
0.1 0.3 0.15 _ 0.100 0.294 0.190 0.288 True
0.1 0.4 0.15 _ 0.123 0.503 0.123 0.515 False
0.1 0.5 0.15 _ 0.346 2.024 -0.658 2.662 False
0.2 0.2 0.15 _ 0.198 0.197 0.188 0.278 True
0.2 0.3 0.15 _ 0.199 0.294 0.190 0.329 True
0.2 0.4 0.15 _ 0.338 0.705 -0.067 0.984 False
0.2 0.5 0.15 _ 0.835 2.012 -0.671 2.823 False
0.3 0.2 0.15 _ 0.303 0.197 0.182 0.359 True
0.3 0.3 0.15 _ 0.310 0.302 0.181 0.412 True
0.3 0.4 0.15 _ 0.321 0.418 0.179 0.504 True
0.3 0.5 0.15 _ 1.388 2.154 -0.739 3.307 False
0.4 0.2 0.15 _ 0.425 0.204 0.171 0.479 True
0.4 0.3 0.15 _ 0.404 0.298 0.182 0.491 True
0.4 0.4 0.15 _ 0.399 0.400 0.186 0.549 True
0.4 0.5 0.15 _ 2.710 3.026 -1.158 5.231 False
