# Vision experiment - focus and kinematic chain v1 - z5 - grid full
# target_x target_y target_z focus result_x result_y result_z
-0.4 0.2 0.05 True -0.424 0.226 0.050
-0.4 0.3 0.05 True -0.434 0.343 0.050
-0.4 0.4 0.05 True -0.430 0.446 0.050
-0.4 0.5 0.05 True -0.431 0.566 0.050
-0.3 0.2 0.05 False
-0.3 0.3 0.05 True -0.317 0.328 0.050
-0.3 0.4 0.05 True -0.321 0.442 0.050
-0.3 0.5 0.05 True -0.329 0.563 0.050
-0.2 0.2 0.05 False
-0.2 0.3 0.05 False
-0.2 0.4 0.05 True -0.209 0.436 0.050
-0.2 0.5 0.05 True -0.207 0.555 0.050
-0.1 0.2 0.05 False
-0.1 0.3 0.05 False
-0.1 0.4 0.05 True -0.098 0.427 0.050
-0.1 0.5 0.05 True -0.102 0.552 0.050
-0.0 0.2 0.05 False
-0.0 0.3 0.05 True 0.008 0.327 0.050
-0.0 0.4 0.05 True 0.007 0.434 0.050
-0.0 0.5 0.05 True 0.007 0.556 0.050
0.1 0.2 0.05 False
0.1 0.3 0.05 False
0.1 0.4 0.05 True 0.116 0.424 0.050
0.1 0.5 0.05 True 0.115 0.553 0.050
0.2 0.2 0.05 False
0.2 0.3 0.05 False
0.2 0.4 0.05 True 0.218 0.427 0.050
0.2 0.5 0.05 True 0.226 0.534 0.050
0.3 0.2 0.05 False
0.3 0.3 0.05 True 0.320 0.315 0.050
0.3 0.4 0.05 True 0.333 0.425 0.050
0.3 0.5 0.05 True 0.343 0.550 0.050
0.4 0.2 0.05 True 0.425 0.212 0.050
0.4 0.3 0.05 True 0.434 0.324 0.050
0.4 0.4 0.05 True 0.440 0.433 0.050
0.4 0.5 0.05 True 0.450 0.548 0.050
