# Vision experiment - focus and stereovision v1 - z5 - grid full
# Raw_Distance_Cam (m) | Absolute_Shift (m)
0.2800 0.0175
0.3040 0.0058
0.3040 0.0054
0.3320 0.0050
0.3350 0.0020
0.3360 0.0225
0.3510 0.0162
0.3510 0.0130
0.3880 0.0110
0.3900 0.0114
0.3900 0.0073
0.3950 0.0164
0.4240 0.0260
0.4340 0.0250
0.4360 0.0279
0.4410 0.0284
0.4460 0.0173
0.4490 0.0305
0.4510 0.0266
0.4790 0.0389
0.4820 0.0412
0.5150 0.0349
0.5360 0.0484
0.5360 0.0395
0.5360 0.0447
0.5360 0.0489
0.5400 0.0408
0.5480 0.0524
0.5640 0.0396
0.5950 0.0662
0.6040 0.0389
0.6040 0.0533
0.6190 0.0729
0.6790 0.1060
0.7040 0.0794
# 0.8450 0.2125
