# Vision experiment - focus and kinematic chain v2 - z5 - grid full
# target_x target_y target_z focus result_x result_y result_z distance
-0.4 0.2 0.05 True -0.390 0.211 0.050
-0.4 0.3 0.05 True -0.401 0.312 0.050
-0.4 0.4 0.05 True -0.402 0.412 0.050
-0.4 0.5 0.05 True -0.399 0.512 0.050
-0.3 0.2 0.05 False 
-0.3 0.3 0.05 True -0.295 0.303 0.050
-0.3 0.4 0.05 True -0.294 0.408 0.050
-0.3 0.5 0.05 True -0.302 0.518 0.050
-0.2 0.2 0.05 False
-0.2 0.3 0.05 False
-0.2 0.4 0.05 True -0.195 0.402 0.050
-0.2 0.5 0.05 True -0.192 0.506 0.050
-0.1 0.2 0.05 False
-0.1 0.3 0.05 False
-0.1 0.4 0.05 True -0.092 0.398 0.050
-0.1 0.5 0.05 True -0.094 0.506 0.050
-0.0 0.2 0.05 False
-0.0 0.3 0.05 True 0.006 0.305 0.050
-0.0 0.4 0.05 True 0.007 0.403 0.050
-0.0 0.5 0.05 True 0.007 0.505 0.050
0.1 0.2 0.05 False
0.1 0.3 0.05 False
0.1 0.4 0.05 True 0.105 0.395 0.050
0.1 0.5 0.05 True 0.107 0.497 0.050
0.2 0.2 0.05 False
0.2 0.3 0.05 False
0.2 0.4 0.05 True 0.201 0.387 0.050
0.2 0.5 0.05 True 0.204 0.493 0.050
0.3 0.2 0.05 False
0.3 0.3 0.05 True 0.302 0.294 0.050
0.3 0.4 0.05 True 0.305 0.392 0.050
0.3 0.5 0.05 True 0.312 0.504 0.050
0.4 0.2 0.05 True 0.402 0.194 0.050
0.4 0.3 0.05 True 0.399 0.295 0.050
0.4 0.4 0.05 True 0.410 0.408 0.050
0.4 0.5 0.05 True 0.403 0.488 0.050
