# Vision experiment - center and stereovision v1 - z5 - grid full
# Raw_Distance_Cam (m) | Absolute_Shift (m)
0.3240 0.0135
0.3240 0.0152
0.3450 0.0120
0.3660 0.0173
0.3670 0.0153
0.3800 0.0205
0.3930 0.0180
0.3940 0.0108
0.4130 0.0210
0.4290 0.0221
0.4390 0.0163
0.4460 0.0247
0.4560 0.0286
0.4620 0.0256
0.4690 0.0149
0.4770 0.0314
0.4870 0.0383
0.5050 0.0261
0.5060 0.0212
0.5190 0.0371
0.5430 0.0474
0.5490 0.0499
0.5560 0.0580
0.5570 0.0230
0.5600 0.0468
0.5640 0.0289
0.5660 0.0485
0.5660 0.0419
0.5890 0.0304
0.6140 0.0638
0.6200 0.0566
0.6210 0.0605
0.6550 0.0499
0.6810 0.0627
0.6840 0.0810
# 0.8170 0.1464
