# RBF points - right hand - z
# x y z
0.133 -0.395 0.115
0.208 -0.437 0.123
0.272 -0.447 0.128
0.338 -0.411 0.13
0.388 -0.358 0.132
0.42 -0.289 0.131
0.458 -0.216 0.128
0.483 -0.142 0.129
0.496 -0.074 0.127
0.48 -0.005 0.127
0.464 0.068 0.126
0.433 0.142 0.124
0.392 0.2 0.12
0.344 0.247 0.114
0.291 0.279 0.115
0.227 0.305 0.107
0.164 0.321 0.091
0.152 0.258 0.095
0.104 0.005 0.035
0.111 -0.084 0.038
0.085 -0.163 0.063
0.069 -0.253 0.115
0.085 -0.326 0.105
0.158 -0.289 0.101
0.177 -0.189 0.095
0.193 -0.089 0.092
0.202 0.016 0.089
0.218 0.116 0.096
0.234 0.205 0.102
0.313 0.158 0.106
0.3 0.053 0.101
0.278 -0.053 0.098
0.268 -0.153 0.101
0.24 -0.242 0.104
0.227 -0.342 0.112
0.313 -0.316 0.118
0.344 -0.216 0.112
0.366 -0.121 0.109
0.376 -0.026 0.108
0.385 0.079 0.11
0.407 -0.179 0.12
0.426 -0.089 0.118
0.426 0.005 0.117
0.272 -0.384 0.122
0.369 -0.274 0.123
